[BGCOLOR]
0	0	0

[TEXTURES]
0	textures\mario.png	255	255	255
10	textures\overworld.png	255	255	255
20	textures\hud.png	25	25	25

[SPRITES]
#mario					
#small					
10001	1766	23	1810	73	0
10002	1817	23	1861	73	0
#big					
10003	1937	161	1987	226	0
10004	1994	161	2044	226	0
#racoon					
10005	2402	437	2452	511	0
10006	2459	437	2509	511	0

#help					
20001	0	0	0	0	10
20002	0	0	52	49	10
#tree					
20003	2	50	52	97	10
20004	53	50	103	97	10
20005	104	50	154	97	10
20006	155	50	205	97	10
#enemy					
20007	308	50	358	97	10
20008	359	50	409	97	10
#start					
20009	2	98	52	148	10
#M					
20010	53	0	103	49	10
#123456					
20011	104	98	154	148	10
20012	155	98	205	148	10
20013	206	98	256	148	10
20014	257	98	307	148	10
20015	308	98	358	148	10
20016	359	98	409	148	10
#bich					
20017	359	0	408	48	10

#HUD					
#board					
99900	34	382	734	469	20
#arrow sign WHITE					
99910	190	484	217	508	20
#arrow sign BLACK					
99911	274	484	296	508	20
#power sign WHITE					
99912	217	484	265	508	20
#power sign BLACK			
99913	301	484	343	508	20
					
#number					
99990	95	71	121	94	20
99991	161	71	181	94	20
99992	212	71	238	94	20
99993	269	71	295	94	20
99994	323	71	349	94	20
99995	380	71	406	94	20
99996	434	71	460	94	20
99997	485	71	511	94	20
99998	536	71	562	94	20
99999	590	71	616	94	20

[ANIMATIONS]
# ==== MARIO =========
101	10001	100	10002	100
102	10003	100	10004	100
103	10005	100	10006	100

#help
201	20001	500	20002	500
#tree
202	20003	300	20004	300	20005	300	20006	300
#enemy
203	20007	100	20008	100
#M
211	20010	100

# id	ani1	ani2	ani3
[ANIMATION_SETS]
# MARIO
1	101	102	103

#help
2	201
#tree
3	202
#enemy
4	203

[PORTAL]
#type - spriteId - sceneId
#start		
num-0	20009	0
#123456		
num-1	20011	3
num-2	20012	0
num-3	20013	4
num-4	20014	0
num-5	20015	0
num-6	20016	0
#bich		
bonus-slot	20017	0

[OBJECTS]
# MARIO
0	98	143	1

[FONT]
0	99990
1	99991
2	99992
3	99993
4	99994
5	99995
6	99996
7	99997
8	99998
9	99999
arrowWhite	99910
arrowBlack	99911
powerWhite	99912
powerBlack	99913

[HUD]
99900
[GRID]
#path
map/Overworld/overworld-1-grid.xml
[MAP]
#id	.tmx	r	g	b
81000	map/Overworld/overworld-1-map.tmx	255	255	255	map/Overworld/